0 -1 1 -1  -0.333333
1 0 0 0  0
2 1 1 1  1
3 2 0 2  1.33333
4 3 1 3  2.33333
5 2 0 2  1.33333
6 3 -1 1  1
7 2 -2 0  0
8 1 -1 1  0.333333
9 2 0 2  1.33333
10 3 1 1  1.66667
11 4 0 0  1.33333
12 3 1 1  1.66667
13 4 0 2  2
14 5 1 1  2.33333
15 4 0 2  2
16 3 1 3  2.33333
17 2 2 4  2.66667
18 1 3 5  3
19 0 4 4  2.66667
20 1 3 5  3
21 0 2 6  2.66667
22 -1 1 5  1.66667
23 -2 0 6  1.33333
24 -1 1 5  1.66667
25 -2 2 4  1.33333
26 -1 3 3  1.66667
27 -2 4 4  2
28 -3 3 5  1.66667
29 -2 2 4  1.33333
30 -1 3 3  1.66667
31 -2 4 2  1.33333
32 -1 3 3  1.66667
33 0 2 4  2
34 -1 3 3  1.66667
35 0 4 4  2.66667
36 1 3 3  2.33333
37 2 4 4  3.33333
38 3 5 5  4.33333
39 2 4 6  4
40 1 5 7  4.33333
41 0 6 6  4
42 1 5 5  3.66667
43 0 6 4  3.33333
44 1 5 3  3
45 2 6 4  4
46 1 5 3  3
47 0 4 4  2.66667
48 1 5 3  3
49 2 6 2  3.33333
