0 -1 1 -1 -1 1 1 1 -1 1 1  -39.3
1 -2 2 0 0 2 0 2 0 2 0  -42.8
2 -1 3 -1 -1 3 -1 1 1 3 -1  16.1
3 -2 4 0 -2 2 -2 0 2 4 0  -8
4 -3 5 1 -1 1 -3 1 1 5 -1  -18.7
5 -4 6 2 -2 2 -4 0 0 4 0  -37.6
6 -5 5 1 -1 1 -5 -1 -1 5 1  -126.5
7 -6 6 0 0 0 -4 0 -2 6 2  -159.4
8 -7 7 -1 -1 1 -3 -1 -1 7 1  -199.7
9 -8 8 -2 -2 2 -2 0 0 8 0  -238.4
10 -9 9 -3 -3 1 -3 1 -1 7 -1  -287.9
11 -8 10 -2 -2 2 -4 0 0 8 -2  -190.6
12 -9 11 -1 -3 1 -5 1 1 9 -1  -213.1
13 -8 12 -2 -2 0 -4 0 2 10 -2  -144.6
14 -9 11 -1 -1 1 -5 -1 3 9 -1  -201.1
15 -8 10 0 0 0 -4 0 2 8 0  -157.6
16 -7 11 -1 1 1 -5 -1 3 7 1  -86.1
17 -6 10 0 2 2 -6 0 4 6 2  -38.6
18 -5 11 1 1 1 -7 1 3 5 3  40.1
19 -4 12 0 2 0 -6 0 4 4 2  108.2
20 -5 11 -1 1 1 -5 -1 3 5 1  15.9
21 -6 10 -2 2 0 -6 0 4 4 2  -71
22 -7 11 -3 1 1 -5 -1 5 3 1  -111.7
23 -6 10 -4 2 0 -4 -2 6 2 2  -94.6
24 -5 9 -3 3 1 -3 -3 7 1 1  -45.7
25 -6 8 -4 4 2 -2 -4 8 0 0  -124.8
26 -5 9 -5 3 1 -1 -3 7 -1 1  -68.5
27 -6 10 -4 4 2 0 -2 8 -2 2  -69
28 -5 9 -5 5 3 1 -3 9 -3 1  -45.7
29 -4 10 -4 4 4 2 -2 10 -4 2  43.4
30 -5 9 -5 3 5 3 -1 9 -5 3  -47.5
31 -6 8 -4 2 6 4 0 8 -6 4  -112.8
32 -7 7 -5 1 5 3 1 9 -5 5  -212.1
33 -8 8 -4 0 6 4 0 8 -4 4  -227.6
34 -7 9 -5 1 7 3 -1 7 -5 3  -157.1
35 -6 8 -6 0 6 2 -2 6 -4 4  -156.4
36 -5 9 -7 1 5 1 -3 5 -5 5  -92.1
37 -6 8 -6 2 6 0 -2 6 -4 6  -146.6
38 -5 7 -5 1 5 -1 -3 5 -5 5  -120.9
39 -4 8 -4 0 4 0 -4 4 -4 4  -40.4
40 -5 7 -5 1 5 1 -3 3 -5 3  -118.7
41 -4 6 -4 0 4 2 -4 2 -6 2  -89.8
42 -5 7 -5 -1 5 1 -3 3 -5 3  -131.5
43 -6 8 -4 -2 4 0 -4 4 -6 2  -156.2
44 -7 9 -5 -1 5 -1 -5 3 -5 1  -187.7
45 -8 10 -6 -2 6 0 -4 4 -4 0  -226.4
46 -9 11 -5 -1 7 1 -3 5 -5 1  -226.9
47 -10 10 -6 -2 8 2 -2 4 -4 0  -317.6
48 -11 9 -5 -3 7 3 -3 5 -5 1  -390.1
49 -10 8 -6 -4 8 4 -2 4 -4 0  -378.4
50 -9 9 -7 -3 9 3 -3 3 -5 -1  -307.9
51 -10 8 -8 -4 10 2 -2 4 -6 0  -401.2
52 -11 9 -7 -5 9 1 -1 5 -7 -1  -424.3
53 -10 10 -6 -6 8 2 -2 4 -6 -2  -343.8
54 -11 9 -7 -7 7 3 -1 5 -7 -1  -440.3
55 -12 8 -8 -6 6 2 0 4 -8 0  -528
56 -13 9 -9 -7 7 1 1 5 -9 -1  -570.3
57 -12 10 -10 -8 8 0 2 4 -8 -2  -510.6
58 -11 11 -11 -9 7 1 1 5 -7 -3  -454.9
59 -12 12 -12 -10 8 2 0 4 -6 -2  -495.8
60 -11 11 -13 -9 7 3 -1 3 -7 -1  -479.5
61 -12 12 -12 -10 8 4 0 2 -6 -2  -493.4
62 -13 13 -13 -11 7 5 -1 1 -7 -1  -541.1
63 -12 14 -12 -10 6 4 0 0 -8 0  -449.6
64 -13 13 -13 -9 5 3 -1 -1 -9 1  -538.9
65 -14 12 -12 -10 6 4 -2 0 -8 0  -604.8
66 -15 13 -11 -9 5 5 -1 1 -9 1  -611.7
67 -16 12 -10 -8 6 4 0 2 -10 2  -666.6
68 -15 11 -9 -9 7 3 1 3 -9 1  -631.7
69 -14 12 -8 -10 8 2 2 2 -8 2  -546.2
70 -15 11 -7 -9 9 1 3 1 -9 3  -601.9
71 -14 12 -8 -10 10 2 4 0 -10 2  -539.4
72 -15 13 -9 -11 11 3 3 -1 -9 3  -580.3
73 -16 14 -8 -10 12 2 2 -2 -10 2  -586.6
74 -17 15 -7 -11 11 1 3 -1 -11 3  -609.5
75 -16 14 -8 -10 10 2 2 -2 -10 2  -593
76 -17 15 -7 -9 11 1 1 -1 -9 1  -598.1
77 -16 16 -8 -10 12 0 0 -2 -8 0  -540
78 -15 15 -9 -9 11 1 -1 -3 -7 1  -523.3
79 -16 16 -8 -10 12 0 -2 -2 -6 2  -541
80 -15 15 -9 -9 11 1 -1 -3 -5 1  -522.9
81 -16 14 -8 -10 12 2 0 -2 -4 2  -587
82 -15 13 -9 -11 11 3 -1 -3 -5 3  -583.5
83 -16 12 -8 -12 12 4 -2 -2 -4 4  -649.2
84 -15 13 -9 -13 13 5 -1 -1 -3 5  -585.3
85 -16 12 -8 -14 12 6 -2 -2 -2 4  -658.4
86 -15 13 -9 -15 11 5 -1 -3 -1 3  -605.1
87 -14 12 -8 -14 12 4 0 -4 0 2  -558.2
88 -13 13 -9 -15 11 3 1 -5 -1 3  -505.1
89 -14 14 -10 -14 12 2 2 -6 -2 2  -535.4
90 -15 13 -11 -13 13 3 3 -7 -3 3  -613.5
91 -16 14 -12 -14 12 2 2 -6 -4 2  -663.8
92 -17 15 -11 -13 11 1 3 -5 -5 1  -674.1
93 -16 14 -12 -12 12 2 4 -4 -6 2  -649
94 -17 13 -13 -13 13 1 5 -3 -7 3  -742.3
95 -18 12 -14 -12 14 0 4 -2 -6 2  -824.2
96 -17 11 -13 -11 13 -1 3 -1 -5 1  -784.5
97 -18 12 -12 -12 12 -2 4 0 -4 2  -807
98 -19 13 -11 -11 13 -1 5 1 -5 3  -807.5
99 -18 14 -10 -12 12 0 6 0 -6 2  -725.8
100 -17 13 -11 -13 13 -1 5 -1 -5 3  -718.7
101 -16 14 -10 -14 12 -2 6 -2 -4 4  -639.6
102 -15 13 -11 -15 13 -3 5 -3 -3 3  -632.7
103 -16 12 -10 -16 12 -4 4 -4 -4 4  -709.2
104 -15 13 -9 -17 13 -3 3 -3 -3 5  -621.3
105 -16 12 -10 -16 14 -2 4 -2 -2 4  -698.4
106 -15 13 -11 -17 13 -3 3 -3 -3 3  -647.1
107 -16 12 -10 -16 12 -2 2 -2 -4 2  -707
108 -17 11 -11 -17 13 -1 3 -1 -5 1  -797.3
109 -16 10 -12 -18 12 -2 2 0 -6 2  -796.2
110 -15 9 -11 -17 13 -1 1 -1 -7 1  -748.1
111 -16 10 -12 -18 14 -2 0 0 -6 0  -791.6
112 -15 9 -13 -17 13 -1 1 1 -7 -1  -773.1
113 -16 10 -14 -16 12 -2 0 0 -8 0  -811.2
114 -17 9 -15 -15 11 -1 1 -1 -9 -1  -895.9
115 -16 8 -16 -14 12 0 0 0 -10 -2  -872.6
116 -15 7 -17 -13 13 -1 1 1 -9 -1  -850.3
117 -16 8 -16 -14 12 -2 0 2 -10 -2  -875
118 -15 9 -17 -15 13 -3 1 3 -9 -1  -814.3
119 -16 8 -16 -16 14 -4 0 4 -8 0  -883.2
120 -17 7 -15 -17 13 -3 -1 3 -7 -1  -956.3
121 -16 6 -16 -16 12 -2 0 4 -8 -2  -937.8
122 -17 5 -17 -15 11 -3 1 5 -7 -1  -1024.3
123 -18 6 -16 -14 12 -2 2 6 -8 -2  -1025
124 -19 7 -17 -15 11 -1 3 5 -9 -1  -1071.1
125 -20 8 -18 -14 10 -2 4 4 -8 -2  -1107.4
126 -19 7 -17 -15 11 -1 5 3 -9 -1  -1070.3
127 -20 6 -18 -14 10 0 4 4 -8 -2  -1155.4
128 -19 7 -17 -13 9 -1 5 5 -9 -1  -1063.1
129 -18 8 -16 -12 10 -2 4 4 -8 -2  -966.6
130 -19 9 -15 -13 9 -1 5 3 -7 -3  -986.9
131 -18 8 -16 -14 10 -2 4 2 -8 -4  -980.4
132 -17 9 -15 -15 9 -3 5 1 -7 -5  -901.5
133 -16 10 -14 -16 10 -4 6 2 -8 -6  -815.8
134 -15 11 -15 -15 9 -3 5 1 -9 -7  -748.5
135 -14 12 -14 -16 8 -4 6 2 -10 -8  -669.2
136 -13 13 -13 -17 9 -5 5 3 -9 -7  -584.5
137 -12 14 -14 -18 8 -6 6 2 -8 -6  -531
138 -13 13 -13 -19 7 -5 5 3 -9 -7  -603.7
139 -12 14 -14 -20 8 -4 6 2 -10 -8  -541.2
140 -11 13 -13 -19 7 -5 5 3 -11 -7  -501.7
141 -10 14 -12 -20 8 -4 6 4 -10 -6  -412.2
142 -9 13 -13 -19 9 -3 7 3 -9 -5  -387.5
143 -10 12 -12 -20 8 -2 6 2 -8 -6  -460.6
144 -9 11 -11 -21 7 -3 7 3 -7 -7  -432.1
145 -10 12 -10 -22 6 -4 8 4 -8 -6  -455
146 -9 11 -9 -23 5 -3 7 3 -7 -5  -425.5
147 -8 10 -8 -24 4 -2 8 2 -8 -6  -395
148 -9 9 -7 -23 3 -3 9 3 -7 -5  -455.9
149 -10 8 -8 -24 4 -4 10 4 -6 -4  -548.8
150 -11 7 -7 -23 3 -5 9 5 -7 -5  -611.9
151 -12 6 -8 -22 2 -6 10 6 -6 -4  -698.4
152 -11 5 -7 -21 1 -7 11 7 -5 -5  -657.1
153 -12 6 -8 -22 0 -6 10 6 -6 -6  -705
154 -13 5 -9 -23 -1 -7 9 7 -7 -7  -806.5
155 -14 6 -10 -24 -2 -8 8 8 -6 -8  -856.4
156 -15 5 -9 -25 -3 -9 9 7 -7 -9  -931.5
157 -16 6 -10 -26 -2 -10 10 6 -8 -8  -974.4
158 -17 5 -11 -27 -3 -11 9 7 -7 -7  -1075.3
159 -16 6 -10 -28 -4 -10 8 8 -6 -6  -993.8
160 -15 7 -11 -29 -5 -9 7 9 -5 -7  -938.1
161 -16 8 -10 -30 -4 -8 6 10 -6 -6  -953
162 -15 9 -9 -31 -5 -7 5 9 -7 -5  -872.7
163 -14 8 -8 -30 -6 -6 6 8 -8 -6  -829.4
164 -13 7 -9 -31 -7 -5 7 7 -7 -7  -824.1
165 -12 6 -8 -32 -8 -4 8 6 -8 -8  -793.6
166 -13 7 -9 -31 -7 -5 7 5 -9 -9  -825.5
167 -14 8 -10 -32 -6 -6 6 6 -10 -8  -869.2
168 -13 9 -9 -33 -7 -5 5 7 -11 -9  -788.3
169 -12 8 -8 -32 -6 -6 6 8 -12 -10  -741
170 -11 9 -7 -31 -5 -5 7 9 -13 -9  -639.1
171 -12 10 -8 -30 -4 -6 8 10 -14 -8  -668.4
172 -11 11 -7 -29 -3 -7 9 9 -13 -9  -570.3
173 -12 10 -6 -30 -2 -8 10 8 -14 -8  -638.8
174 -11 9 -7 -29 -3 -7 9 9 -13 -9  -621.5
175 -12 8 -6 -28 -2 -8 10 10 -12 -10  -676.2
176 -11 9 -7 -29 -1 -7 9 9 -11 -11  -614.9
177 -10 8 -6 -28 0 -6 10 10 -12 -12  -564.4
178 -9 7 -7 -27 1 -7 11 9 -11 -13  -543.1
179 -10 6 -8 -28 0 -6 12 8 -12 -14  -640.6
180 -9 7 -9 -29 1 -5 13 7 -11 -13  -577.5
181 -10 6 -8 -30 2 -6 12 8 -12 -12  -646.8
182 -9 5 -7 -29 1 -5 13 9 -13 -11  -602.5
183 -8 6 -8 -28 2 -4 12 8 -12 -10  -528.2
184 -7 7 -9 -29 1 -3 11 7 -13 -11  -473.7
185 -8 6 -10 -28 2 -4 12 6 -12 -10  -554.6
186 -7 5 -11 -29 3 -3 13 7 -11 -9  -541.9
187 -6 4 -12 -28 2 -4 12 6 -10 -8  -528.4
188 -7 5 -11 -29 1 -5 11 7 -9 -7  -552.5
189 -8 4 -10 -30 0 -6 12 6 -8 -8  -627.2
190 -7 3 -11 -29 1 -7 11 5 -9 -7  -607.7
191 -6 2 -12 -30 0 -8 10 4 -10 -6  -607.4
192 -5 1 -13 -31 1 -9 9 3 -11 -7  -600.9
193 -4 2 -14 -30 2 -10 8 4 -12 -8  -529.6
194 -5 3 -13 -31 3 -9 7 5 -13 -9  -544.7
195 -4 4 -12 -30 2 -10 8 4 -14 -10  -453.4
196 -5 5 -11 -29 3 -11 9 5 -13 -9  -456.7
197 -4 6 -12 -30 4 -10 8 4 -14 -10  -395.8
198 -5 7 -11 -29 3 -9 9 3 -15 -11  -403.7
199 -6 6 -10 -28 4 -10 8 2 -14 -10  -460.6
